AUPRC: 0.9528952209582954
AUROC: 0.9331622777802888
