AUPRC: 0.9611533888213595
AUROC: 0.9435652511733211
