AUPRC: 0.946885683595148
AUROC: 0.9272849907519849
